00100000000010110000011111010000
00100000000000010000000000000001
00100000000000100000000000000010
00100000000101100000000000011000
00000010110000000000000000001000
00100000000010110000000000000000
00100000000011110000000000000100
00100000000000110000000000000011
10101100000010110000000000000000
10101100000010110000000000001000
00000000001010110010000000100000
00000000010011110010100000100010
00000000010011110000000000011000
10001101111001100000000000000000
10001100000010010000000000001100
00000000011000010011100000100100
00000001111000110100000000100101
00000000000000000101000000010000
00000000000000000110000000010010
00001000000000000000000000010101
00100000000000010000000000000000
00000000000000100110100001000000
00010100001000100000000000000001
00100000000000100000000000000000
00000001111000100000000000011010
00000000010011110111000000101010
00101000010100000000000000000011
00000000000000101000100000100111
00000001000000111001000000101000
00001100000000000000000000011111
00100000000000010000000000000000
00110001000101010000000000000010
00000000000000001001100000010000
00000000000000001010000000010010
00000000000001011011100001000010
00000000000001011100000001000011
00110100101110010000000000000001
00111000101110100000000000000011
00111100000110110000000000111111
00010001011010111111111111111111
