00000000000000000000000000000000
00000000000000000000000000000001
00000000000000000000000000000010
00000000000000000000000000000111
00000000000000000000000000000100
00000111000001100000010100000100
00000011000000100000000100000000
00000000000000000000000000000000
00000011000000100000000100000000
00000011000000100000000100000000
00000000000000000000000000001100
00000000000000000000000000001100
00000000000000000000000000000110
00000000000000000000000000000000
00000000000000000000000000001100
00000000000000000000000001011100
00000000000000000000000000000000
00000000000000000000000000000000
00000000000000000000000000000000
00000000000000000000000000000000
00000000000000000000000000000000
00000000000000000000000000000000
00000000000000000000000000000000
00000000000000000000000000000000
00000000000000000000000000000000
00000000000000000000000000000000
00000000000000000000000000000000
00000000000000000000000000000000
00000000000000000000000000000000
00000000000000000000000000000000
00000000000000000000000000000000
00000000000000000000000000000000
